This is model offzdata.pt
0.6991590261459351
0.6592333376407623
0.6194386720657349
0.589345246553421
0.5761588633060455
0.5626368701457978
0.5668168127536773
0.5601292848587036
0.5641451001167297
0.5617589592933655
0.5591375410556794
0.566671508550644
0.5620363414287567
0.5638813555240632
0.5625888288021088
0.5635836720466614
0.563703465461731
0.5616405308246613
0.5615358531475068
0.5639417886734008
0.561554741859436
0.5637901246547699
0.5588249087333679
0.566492110490799
0.5622569441795349
0.563281124830246
0.5624143600463867
0.5633664667606354
0.566247409582138
0.5592414736747742
0.5614513337612153
0.5638194680213928
0.5654041349887848
0.5599373579025269
0.5633377194404602
0.5620864570140839
0.5562650382518768
0.5689477860927582
0.5658628344535828
0.5595270454883575
0.5615258514881134
0.5636886179447174
0.558694326877594
0.5665219068527222
0.5621795773506164
0.5631488502025604
0.5650960981845856
0.5601806640625
0.5621322274208069
0.5631520867347717
0.5637924194335937
0.5613874554634094
0.5652347266674042
0.5599435865879059
0.5590411841869354
0.566155880689621
0.5646063268184662
0.5605515897274017
0.5634063720703125
0.561750304698944
0.5645095407962799
0.5606277823448181
0.5637946844100952
0.5613371372222901
0.5588252365589141
0.5663071274757385
0.5607952296733856
0.5643295466899871
0.5634883224964142
0.5616204977035523
0.561090099811554
0.5640284180641174
0.5644637465476989
0.5606742382049561
0.5603061318397522
0.5648111641407013
0.5654775917530059
0.5596360802650452
0.5571886837482453
0.567937570810318
0.5661867976188659
0.558922392129898
0.5609571158885955
0.5641434550285339
0.5671648800373077
0.5579419314861298
0.5611755788326264
0.563916015625
0.5654080271720886
0.5596893727779388
0.5594552636146546
0.5656413853168487
0.5667702317237854
0.5583287417888642
0.5614937484264374
0.5635969877243042
0.564020699262619
0.5610718488693237
0.5617119610309601
0.5633764088153839
0.5590726792812347
0.5660199344158172
0.5599607348442077
0.5651285648345947
0.559362816810608
0.565727150440216
0.5621223509311676
0.5629648864269257
0.5628087222576141
0.5622794210910798
0.5636893451213837
0.5613989293575287
0.5621390640735626
0.5629486680030823
0.5657234013080596
0.5593642830848694
0.561497175693512
0.5635894656181335
0.5612867295742034
0.5638006329536438
0.562617939710617
0.5624683976173401
0.5625108361244202
0.5625757575035095
0.5669202148914337
0.5581664741039276
0.561681616306305
0.5634044468402862
0.5626266300678253
0.5624593734741211
0.5632261216640473
0.5618599772453308
0.5617619931697846
0.5633240878582001
0.5639454185962677
0.5611404359340668
0.5633381962776184
0.5617477774620057
0.561071264743805
0.5640153288841248
0.5617217540740966
0.5633641839027405
0.5656172335147858
0.5594689428806305
0.5606429576873779
0.564443689584732
0.564889770746231
0.5601965546607971
0.5639080226421356
0.5611780762672425
0.5620445430278778
0.5630413949489593
0.5583607077598571
0.5667253494262695
0.5604846715927124
0.5646015763282776
0.562219750881195
0.5628662228584289
0.5586534261703491
0.5664327919483185
0.5636917114257812
0.5613944590091705
0.5623512506484986
0.5627347886562347
0.5629646837711334
0.562121456861496
0.5639235198497772
0.5611625194549561
0.5650579750537872
0.560028201341629
0.562244975566864
0.5628410875797272
0.5661814153194428
0.5589045584201813
0.5612842500209808
0.5638015568256378
0.5618477523326874
0.5632381081581116
0.5595366597175598
0.5655492961406707
0.5607671499252319
0.5643186926841736
0.5676594138145447
0.5574271976947784
0.5583794355392456
0.5667068421840668
0.5588310956954956
0.5662550508975983
0.5647941291332245
0.5602924048900604
0.5680757641792298
0.5570103406906128
0.563265073299408
0.5618208885192871
0.5657683193683625
0.5593178749084473
0.560691374540329
0.5643953323364258
0.5625167846679687
0.5625693023204803
0.5628943800926208
0.5621914863586426
0.5642800211906434
0.5608060836791993
0.5643941760063171
0.5606915950775146
0.5592992544174195
0.5657871127128601
0.5594857096672058
0.5656001329421997
0.5588898003101349
0.5661964476108551
0.5605834066867829
0.5645026922225952
0.5638553380966187
0.5612307131290436
0.5620621323585511
0.5630238592624665
0.5607723653316498
0.5643135964870453
0.5590356528759003
0.5660505533218384
0.560479998588562
0.5646061837673187
0.5604841828346252
0.5646017849445343
0.5600665211677551
0.5650198578834533
0.5632208347320556
0.5618648886680603
0.5637425780296326
0.5613431453704834
0.5594243049621582
0.5656621396541596
0.5644340455532074
0.5606518924236298
0.5615860462188721
0.5634998738765716
0.5585281312465668
0.5665579676628113
0.5630855619907379
0.5620004713535309
0.5589451909065246
0.5661408543586731
0.5627401888370513
0.5623456239700317
0.5624540627002717
0.5626320958137512
0.5672153413295746
0.5578706383705139
This is the result offzdata
Loss of the network: 3282.072.33181588265047
