
0.70777028799057010.65676707029342650.6426104903221130.63101999163627620.62160592675209050.61498416066169740.60877211689949040.60391032099723820.59754639267921450.59778342843055720.5928113818168640.58771234154701240.58722744584083550.58047104477882380.58075727224349970.5776303410530090.5751320302486420.57517765760421760.57187225222587590.57231156826019290.56586273908615110.5739398360252380.5726725757122040.56323465108871460.56792302727699280.56592143774032590.56737301349639890.56466775536537170.56470474004745490.56619106531143190.56811012625694280.56091649532318110.56779237985610960.5601044893264770.56516912579536440.56241487860679630.56430450081825260.56350098252296440.56109982132911680.56562070250511160.56395638585090630.56189214587211610.56504905819892880.56082068085670470.56168738603591920.56423321962356570.5614726006984710.56381729245185850.56251205205917350.5627600312232971
0.5644166886806488
0.5645563721656799
0.5641252219676971
0.5650084912776947
0.5622305631637573
0.5639943420886994
0.5637577950954438
0.5651862442493438
0.5626004457473754
0.5586635649204255
0.5681363105773926
0.5645301342010498
0.5625498712062835
0.564125257730484
0.563606572151184
0.5647586703300476
0.5632609724998474
0.5673002004623413
0.5597757816314697
0.5631097733974457
0.5634725391864777
0.5646463215351105
0.561721682548523
0.5633281290531158
0.5626270115375519
0.5634289443492889
0.5627575755119324
0.558762925863266
0.5675166726112366
0.5636196613311768
0.5621070027351379
0.562098252773285
0.5637046039104462
0.56393763422966
0.5617051303386689
0.5584273993968963
0.5670186400413513
0.5572734415531159
0.568204402923584
0.5628338754177094
0.5626196920871734
0.5620358765125275
0.5632770836353302
0.562652200460434
0.5626453280448913
0.5628047704696655
0.562469881772995
0.5599886178970337
0.56525799036026
0.563436222076416
0.561803263425827
0.5628127992153168
0.5625043988227845
0.5655419409275055
0.5597422957420349
0.563148021697998
0.5620273172855377
0.5617042183876038
0.5634204745292664
0.5613128125667572
0.5637855589389801
0.5610199749469758
0.5640821397304535
0.5607321858406067
0.5643947839736938
0.5663654446601868
0.5587835371494293
0.5647068560123444
0.5603847086429596
0.5639350116252899
0.5611823916435241
0.5603905975818634
0.5647423148155213
0.5672925710678101
0.5578426659107208
0.5625125944614411
0.5625464498996735
0.5573736548423767
0.567665559053421
0.5640840709209443
0.5609483182430267
0.5580002188682556
0.5670324325561523
0.5624883532524109
0.5625315010547638
0.5598240494728088
0.5652031064033508
0.5634787499904632
0.5615151166915894
0.5639703810214997
0.5610199868679047
0.5614013314247132
0.5635884523391723
0.5606373250484467
0.5643515527248383
0.5651498258113861
0.5598382532596589
0.5606757521629333
0.5642994165420532
0.5613094866275787
0.5636612832546234
0.5638185977935791
0.5611577987670898
0.5649113595485687
0.5600566625595093
0.5647662699222564
0.56020667552948
0.5595871329307556
0.5653729915618897
0.5588467478752136
0.566114890575409
0.5585237145423889
0.5664362370967865
0.5623164892196655
0.56264408826828
0.5635470867156982
0.5614132940769195
0.5650845766067505
0.5598701357841491
0.5623528242111206
0.5626011908054351
0.564330518245697
0.5606236279010772
0.5646379590034485
0.5603164911270142
0.5595214486122131
0.5654326319694519
0.5640029370784759
0.5609488546848297
0.5641431152820587
0.5608082771301269
0.5619073450565338
0.5630448222160339
0.5621997058391571
0.5627522170543671
0.5634170413017273
0.5615345716476441
0.5611956775188446
0.5637548983097076
0.560781729221344
0.5641688764095306
0.5658052861690521
0.5591451346874237
0.5678376734256745
0.5571128010749817
0.5631490409374237
0.5618012309074402
0.5622748255729675
0.5626747608184814
0.5588507354259491
0.5660990476608276
0.5623599112033844
0.5625898599624634
0.5576139926910401
0.5673357963562011
0.5591098308563233
0.5658399164676666
0.5633320391178132
0.5616174101829529
0.561635684967041
0.563313752412796
0.5643587052822113
0.5605907082557678
0.5608819186687469
0.5640674471855164
0.5604710042476654
0.56447833776474
0.5599639177322387
0.564985316991806
0.564174371957779
0.5607748746871948
0.5659248113632203
0.5590244710445404
0.5633268475532531
0.5616223990917206
0.5641613304615021
0.5607878804206848
0.5656256377696991
0.5593234896659851
0.5633482992649078
0.561600923538208
0.5657937288284302
0.559155398607254
0.5676367461681366
0.5573123693466187
0.5646109819412232
0.5603382110595703
0.5612709641456604
0.5636781930923462
0.5653490245342254
0.5596002340316772
0.5624828696250915
0.5624664068222046
0.560630077123642
0.5643191277980805
0.568305903673172
0.5566432535648346
0.5644426465034484
0.5605065882205963
0.5589178800582886
0.5660313725471496
0.562539666891098
0.5624095439910889
0.5643083214759826
0.5606408715248108
0.5611308217048645
0.563818383216858
0.5627120792865753
0.5622371315956116
0.5660582959651947
0.5588909387588501
0.5617361009120941
0.5632130682468415
0.5607464969158172
0.5642026960849762
0.5649200439453125
0.5600291788578033
0.5627189457416535
0.5622302830219269
0.5635222733020783
0.5614269196987152
0.562247759103775
0.5627014338970184
