This is model offzdata-freq.pt
0.6912085533142089
0.6724187314510346
0.6504878103733063
0.6271578192710876
0.6000535309314727
0.5772176146507263
0.5687140882015228
0.5645432889461517
0.56463463306427
0.5620167255401611
0.5633022546768188
0.5623709321022033
0.5602124512195588
0.5652202904224396
0.5652799963951111
0.5600494801998138
0.5616541981697083
0.5636554539203644
0.5631215691566467
0.5621789813041687
0.5645306944847107
0.5605222523212433
0.5656728923320771
0.5594549059867859
0.5644669115543366
0.5608205139636994
0.5662546455860138
0.558922803401947
0.563582843542099
0.5614134252071381
0.5646149575710296
0.5604059576988221
0.5610791802406311
0.5639046728610992
0.5623921990394593
0.5626422345638276
0.5635958015918732
0.5613951981067657
0.5604514002799987
0.5645980954170227
0.5638954818248749
0.5611506164073944
0.5614068806171417
0.5635726869106292
0.5638100802898407
0.5611244320869446
0.5591040134429932
0.5658236563205719
0.5646660268306732
0.560251122713089
0.5574068188667297
0.5675282597541809
0.5619616568088531
0.5629689753055572
0.5591603696346283
0.5657301545143127
0.5613365590572357
0.5635582804679871
0.5654516875743866
0.5594406187534332
0.5601238131523132
0.5647908687591553
0.5658803939819336
0.5590170800685883
0.5630410015583038
0.5618488907814025
0.5620830893516541
0.5628002405166626
0.5647526443004608
0.5601320862770081
0.5661672234535218
0.558716493844986
0.5647925913333893
0.5600861310958862
0.5636941194534302
0.5611857771873474
0.5560713708400726
0.5688121259212494
0.5624876737594604
0.5623885512351989
0.5629010736942291
0.5619739353656769
0.5630584359169006
0.5618167459964752
0.5590813755989075
0.565791654586792
0.5610834240913392
0.5637880980968475
0.5627964258193969
0.562073701620102
0.5634758770465851
0.5613945960998535
0.5634706079959869
0.5613997519016266
0.5622641444206238
0.5626055717468261
0.5604809761047364
0.5643885433673859
0.5621598482131958
0.5627082228660584
0.5675965070724487
0.5572739899158478
0.5590267717838288
0.5658428549766541
0.557905399799347
0.5669637024402618
0.5661847293376923
0.5586836397647857
0.5610996127128601
0.5637683868408203
0.5654692351818085
0.5593998551368713
0.56306774020195
0.5618010282516479
0.5624043464660644
0.56246377825737
0.56261727809906
0.5622505426406861
0.5564983904361724
0.5683705031871795
0.5612930417060852
0.563574594259262
0.5602902352809906
0.5645779132843017
0.5629471659660339
0.5619203448295593
0.5670052707195282
0.5578622698783875
0.5653195679187775
0.5595481932163239
0.564778071641922
0.5600893557071686
0.5621926128864289
0.5626746594905854
0.5614252924919129
0.5634417653083801
0.5646455585956573
0.5602218866348266
0.5652264177799224
0.5596405923366546
0.563551926612854
0.5613154411315918
0.5656420767307282
0.5592250525951385
0.5610100984573364
0.5638571083545685
0.5647907555103302
0.5600765407085418
0.5610685050487518
0.5637986481189727
0.5669119179248809
0.5579552114009857
0.560527753829956
0.5643394470214844
0.5639750957489014
0.5608920693397522
0.5652259707450866
0.5596411347389221
0.5627650737762451
0.5621020674705506
0.5608623147010803
0.5640050351619721
0.5585528075695038
0.5663146376609802
0.5643482327461242
0.560518765449524
0.5646882116794586
0.5601788640022278
0.5602621614933014
0.5646049737930298
0.5596465170383453
0.5652205646038055
0.5628574967384339
0.5620094656944274
0.5631541907787323
0.5617127656936646
0.5615466892719269
0.5633201956748962
0.5622258245944977
0.5626411676406861
0.5596012651920319
0.5652657985687256
0.5612313508987427
0.5636357724666595
0.5615908741950989
0.5632761538028717
0.5621327877044677
0.5627340912818909
0.5622223913669586
0.5626445710659027
0.5611710846424103
0.5636958122253418
0.5615526139736176
0.5633143246173858
0.5626644909381866
0.5622026085853576
0.5646227955818176
0.5602442383766174
0.5618313133716584
0.5630358517169952
0.5612214028835296
0.5636454463005066
0.5608597815036773
0.5640070617198945
0.5611400306224823
0.563726794719696
0.5644274950027466
0.5604397296905518
0.5590866088867188
0.5657802820205688
0.5626292288303375
0.5622378051280975
0.564056009054184
0.5608108580112457
0.5583536267280579
0.5665136635303497
0.5595667004585266
0.565300190448761
0.5609260618686676
0.563940805196762
0.5603565871715546
0.5645102739334107
0.5648893773555755
0.5599776864051819
0.5646255433559417
0.5602411746978759
0.560415780544281
0.5644510328769684
0.5612845718860626
0.5635821461677551
0.5639676570892334
0.5608993172645569
0.5605151891708374
0.5643518090248107
0.5625495970249176
0.5623171389102936
0.5628819406032562
0.5619848728179931
0.5641935706138611
0.5606735587120056
0.5629028260707856
0.5619643330574036
0.5631910622119903
0.5616756319999695
0.5617498636245728
0.5631169378757477
0.5660377204418182
0.5588292241096496
0.56189723610878
0.5629694283008575
This is the result offzdata-freq
Loss of the network: 3283.072.32338560107908
