
0.6968697607517242
0.6730649709701538
0.6493431687355041
0.6149005830287934
0.5847658634185791
0.570328688621521
0.5625453412532806
0.5660132467746735
0.5661832690238953
0.5596480131149292
0.561627846956253
0.5639578342437744
0.5650033235549927
0.5606028079986572
0.5662202119827271
0.5593587100505829
0.5651224374771118
0.5603576362133026
0.5590982258319854
0.5664714455604554
0.561126571893692
0.5643298208713532
0.5656349420547485
0.5598932206630707
0.5630054175853729
0.5623854756355285
0.5609135627746582
0.5647896647453308
0.5610842525959014
0.5644986808300019
0.5607764959335327
0.5649765431880951
0.5632485330104828
0.5622977435588836
0.5626853585243226
0.5625961303710938
0.5622731029987336
0.5632308185100555
0.5615140557289123
0.5638342201709747
0.5588927626609802
0.5662969052791595
0.566525012254715
0.5587413072586059
0.5613241553306579
0.563954621553421
0.5633296847343445
0.5618102431297303
0.5623746633529663
0.5627330899238586
0.5623035669326782
0.5628762185573578
0.561816269159317
0.5633591890335083
0.5630893468856811
0.5620012164115906
0.5634293913841247
0.5616293787956238
0.562500661611557
0.5625879645347596
0.5615700006484985
0.5635024249553681
0.5613982617855072
0.5636858701705932
0.5617984771728516
0.5632477700710297
0.5630281627178192
0.5619967699050903
0.5624134302139282
0.5626210272312164
0.5613884389400482
0.5636389255523682
0.557605630159378
0.567430067062378
0.5606412649154663
0.5643935322761535
0.5627720534801484
0.5622521758079528
0.5592322587966919
0.5657777309417724
0.5616154134273529
0.5633936762809754
0.5616981863975525
0.5633082628250122
0.5614538669586182
0.563550490140915
0.5597915351390839
0.5652103662490845
0.5656204938888549
0.5593808472156525
0.5635798871517181
0.5614213228225708
0.5662653088569641
0.558737164735794
0.5599599301815033
0.5650401532649993
0.5584584057331086
0.566538143157959
0.5602084219455719
0.5647890508174896
0.5622682392597198
0.5627281427383423
0.5594334125518798
0.5655642926692963
0.5605042755603791
0.5644923865795135
0.561861252784729
0.5631348192691803
0.5627165257930755
0.5622806787490845
0.5645156681537629
0.56048082113266
0.562082028388977
0.5629126846790313
0.5611956477165222
0.563799649477005
0.5611814975738525
0.5638124942779541
0.5617527365684509
0.563241845369339
0.5623604893684387
0.5626356422901153
0.5623798370361328
0.5626151621341705
0.5616288363933564
0.563364964723587
0.5643848299980163
0.5606088757514953
0.5618888437747955
0.5631046056747436
0.5591228425502777
0.5658709704875946
0.5615547299385071
0.5634386360645294
0.5591761767864227
0.5658173382282257
0.5640710711479187
0.5609221816062927
0.5655811846256256
0.5594120860099793
0.5624896705150604
0.5625036358833313
0.5589390456676483
0.566054356098175
0.5648560166358948
0.5601374268531799
0.5606833100318909
0.5643098831176758
0.561934357881546
0.5630588114261628
0.5613889634609223
0.5636046767234802
0.5617169082164765
0.5632764339447022
0.5594338476657867
0.5655593752861023
0.5583354234695435
0.5666579604148865
0.5597919404506684
0.5652017593383789
0.5612719118595123
0.56372150182724
0.5628187239170075
0.5621745169162751
0.5647069931030273
0.5602863252162933
0.5596024513244628
0.5653910756111145
0.5617199718952179
0.563273137807846
0.5630506873130798
0.5619427978992462
0.5610513091087341
0.5639422774314881
0.5639674603939057
0.5610259771347046
0.5598739087581635
0.5651194453239441
0.559443998336792
0.5655497789382935
0.5634258389472961
0.5615673661231995
0.5621293783187866
0.562864089012146
0.5605035960674286
0.564489609003067
0.5649608194828033
0.5600325763225555
0.5638162970542908
0.5611773908138276
0.5590920329093934
0.5659017384052276
0.5585805118083954
0.5664129734039307
0.5638913333415985
0.561102169752121
0.564548110961914
0.5604450821876525
0.5592976450920105
0.5656954884529114
0.5641797721385956
0.5608134388923645
0.5646811127662659
0.5603120267391205
0.5588488578796387
0.5661449432373047
0.5644633829593658
0.560530161857605
0.564491468667984
0.5605019629001617
0.5601990640163421
0.5647939801216125
0.568125593662262
0.5568682014942169
0.5638409197330475
0.5611523687839508
0.5672527968883514
0.5577404916286468
0.5583544552326203
0.566639518737793
0.5620309829711914
0.5629624366760254
0.5630137741565704
0.5619795918464661
0.5606282532215119
0.5643652379512787
0.5603252053260803
0.564668083190918
0.5601708590984344
0.5648225128650666
0.5631045520305633
0.5618888974189759
0.5619721949100495
0.5630210816860199
0.5607590615749359
0.5642342805862427
0.5651813507080078
0.559811931848526
0.5632481336593628
0.5617451548576355
0.5604026079177856
0.5645905673503876
0.5605529844760895
0.5644404530525208
0.5626288414001465
0.5623646080493927
0.567195725440979
0.5577978134155274
0.5607877671718597
0.5642053782939911
This is the result offzdata-comb
Loss of the network: 3285.072.30652503793627
