
This is model offzdata-fully.pt
0.6710396707057953
0.608582752943039
0.570520693063736
0.5685900151729584
0.5605003952980041
0.5666084468364716
0.5661199569702149
0.5598507881164551
0.5653642117977142
0.5611709833145142
0.5641596794128418
0.5619402945041656
0.5620421409606934
0.563614696264267
0.5638004064559936
0.5621109962463379
0.5580823421478271
0.5681313633918762
0.5621958315372467
0.5639326333999634
0.5625341832637787
0.5636242687702179
0.5595207810401917
0.5661878287792206
0.5632893145084381
0.5622524857521057
0.5626325070858001
0.5630473971366883
0.564075517654419
0.5614192903041839
0.563579934835434
0.5617420375347137
0.5649882316589355
0.5602608382701874
0.5589715778827667
0.5663713693618775
0.5664485812187194
0.5589061915874481
0.5618434071540832
0.5634082794189453
0.5605316042900086
0.5647157192230224
0.5638234853744507
0.5613704085350036
0.5640516459941864
0.5611259937286377
0.5665563404560089
0.5586346030235291
0.5629113912582397
0.5622376382350922
0.5616093158721924
0.563533729314804
0.5649502873420715
0.5602016806602478
0.5652649462223053
0.5598404586315155
0.5661266207695007
0.5590034246444702
0.564569491147995
0.5605175614356994
0.5616528272628785
0.5634486377239227
0.5618611931800842
0.5632553160190582
0.5602631270885468
0.5648039996623992
0.5631252586841583
0.561951196193695
0.5643763601779938
0.5606912732124328
0.5655537664890289
0.5595129489898681
0.5602367520332336
0.5648255169391632
0.5635092735290528
0.561554092168808
0.5628606736660003
0.5622061789035797
0.5642185509204865
0.5608292520046234
0.5669784426689148
0.5580769538879394
0.5595008373260498
0.5655479669570923
0.5614953219890595
0.5635525286197662
0.5632192373275757
0.5618291079998017
0.5618926405906677
0.5631478190422058
0.5633703768253326
0.5616725564002991
0.5589924216270447
0.5660536885261536
0.5626190721988678
0.5624249756336213
0.5606981217861176
0.5643422544002533
0.5629338264465332
0.5621039390563964
0.5593399941921234
0.565699303150177
0.5670741498470306
0.5579650104045868
0.5604452550411224
0.5645938158035279
0.5634983956813813
0.5615396082401276
0.5613254010677338
0.5637116312980652
0.5593310177326203
0.5657071053981781
0.5602978944778443
0.5647385895252228
0.5606068551540375
0.5644308209419251
0.5633026421070099
0.5617336213588715
0.562552410364151
0.562483286857605
0.559198009967804
0.5658381402492523
0.5717309296131134
0.5533063411712646
0.5662178695201874
0.5588181257247925
0.5613138258457184
0.5637218475341796
0.560936325788498
0.5640994250774384
0.5639032542705535
0.561132401227951
0.5583311259746552
0.5667047500610352
0.5666169881820678
0.5584201455116272
0.56085005402565
0.5641855657100677
0.5643566310405731
0.5606789767742157
0.5616209805011749
0.5634147226810455
0.5661377012729645
0.5588983237743378
0.5624926805496215
0.5625430703163147
0.5609277367591858
0.5641076982021331
0.5620493948459625
0.5629867434501648
0.5640344262123108
0.561002105474472
0.5610108375549316
0.5640250146389008
0.5595889925956726
0.565446650981903
0.5626381397247314
0.5623978257179261
0.5648633062839508
0.5601724445819855
0.5637266278266907
0.5613089621067047
0.5618552803993225
0.5631804287433624
0.5603550136089325
0.5646815419197082
0.5626436471939087
0.56239333152771
0.5647921919822693
0.5602446258068084
0.5650726795196533
0.559963607788086
0.5627047955989838
0.5623312830924988
0.556859302520752
0.5681779325008393
0.5656099677085876
0.5594271779060364
0.5611174583435059
0.5639186143875122
0.5615888655185699
0.5634469032287598
0.5625434339046478
0.5624920904636384
0.5624679446220398
0.5625678837299347
0.5641416490077973
0.5608938634395599
0.5593836843967438
0.5656520009040833
0.5614326477050782
0.5636028945446014
0.5605653762817383
0.5644705712795257
0.5651778638362884
0.559857839345932
0.5614702582359314
0.563565593957901
0.561128842830658
0.5639071345329285
0.5646594882011413
0.5603760957717896
0.5614970266819
0.5635386407375336
0.5610187292098999
0.5640169322490692
0.5716281175613404
0.5534086167812348
0.5678759992122651
0.5571595668792725
0.563286566734314
0.561749541759491
0.563648122549057
0.5613876521587372
0.560865831375122
0.5641698122024537
0.5605547249317169
0.5644807040691375
0.5633453249931335
0.5616906166076661
0.5570730805397034
0.5679633915424347
0.5618757367134094
0.5631601929664611
0.5653725087642669
0.5596633970737457
0.5597086310386657
0.5653273403644562
0.5662901699542999
0.5587464451789856
0.5629090964794159
0.5621262788772583
0.5632313013076782
0.5618044316768647
0.5611612737178803
0.5638742208480835
0.5639546036720275
0.5610814809799194
0.5609097838401794
0.5641257107257843
0.5633800148963928
0.5616557896137238
0.5615659892559052
0.5634702742099762
0.5618873178958893
0.563148033618927
0.5566234588623047
0.5684128522872924
0.5632994115352631
0.5617366075515747
This is the result offzdata-fully
Loss of the network: 3285.072.30652503793627
