
0.6597313046455383
0.5824377417564393
0.5683501064777374
0.564055997133255
0.5650994420051575
0.5619685232639313
0.5645810782909393
0.5618487298488617
0.5613470554351807
0.5647396504878998
0.5624403834342957
0.5641869068145752
0.563126665353775
0.5634028375148773
0.5667178452014923
0.5598401188850403
0.5629819750785827
0.564214551448822
0.5621948599815368
0.5649765789508819
0.5631725788116455
0.5633330881595612
0.5651640295982361
0.5621160626411438
0.5603792190551757
0.5653724491596221
0.5629549622535706
0.5622584462165833
0.5620509922504425
0.5636584341526032
0.5643500983715057
0.5613137662410737
0.562548166513443
0.5630258202552796
0.5650123655796051
0.5605656921863555
0.5618386268615723
0.5634882688522339
0.5644758582115174
0.5607185363769531
0.5606762409210205
0.5644917786121368
0.5649511277675628
0.5603033065795898
0.5609574437141418
0.5641662836074829
0.5628682792186737
0.5623260736465454
0.564231014251709
0.5608163475990295
0.5571554243564606
0.5678651869297028
0.5653980910778046
0.5602326273918152
0.5628334105014801
0.5623146653175354
0.5618147253990173
0.5633442580699921
0.5634876251220703
0.5616424739360809
0.5654087722301483
0.5598082363605499
0.5654244482517242
0.5597529232501983
0.5612089097499847
0.563839215040207
0.5607360482215882
0.5643042266368866
0.5656100273132324
0.5592858791351318
0.5600196063518524
0.5649044752120972
0.563449627161026
0.5615169644355774
0.5630077183246612
0.5618824005126953
0.5598887622356414
0.5650182127952575
0.5637826204299927
0.5610850512981415
0.5630155026912689
0.5618553221225738
0.5611290633678436
0.5637464880943298
0.5608714103698731
0.563997220993042
0.5641141474246979
0.5607426226139068
0.5647644460201263
0.5600820064544678
0.5658167958259582
0.5590436339378357
0.5609387040138245
0.5639080464839935
0.5635924577713013
0.5612649202346802
0.5653086543083191
0.5595340609550477
0.565613180398941
0.5592348635196686
0.5634803116321564
0.5613590121269226
0.5618762075901031
0.562969958782196
0.5672075390815735
0.557634699344635
0.5635390162467957
0.561301839351654
0.5593019008636475
0.5655427813529968
0.562844204902649
0.5619895219802856
0.5640168726444245
0.5608205318450927
0.5609959423542022
0.563837593793869
0.5652925550937653
0.5595436513423919
0.5598357498645783
0.5649989366531372
0.5640847027301789
0.5607460558414459
0.5615019083023072
0.5633282780647277
0.5616886079311371
0.5631420612335205
0.5630682528018951
0.5617623269557953
0.560767662525177
0.5640630960464478
0.559242844581604
0.5655873239040374
0.5589809596538544
0.5658493041992188
0.5604469060897828
0.5643824279308319
0.5614017188549042
0.5634278178215026
0.5610751271247864
0.563754940032959
0.564760023355484
0.5600697517395019
0.5562533915042878
0.568578577041626
0.5648176014423371
0.5600120306015015
0.56417595744133
0.560653668642044
0.5665946841239929
0.5582344830036163
0.5577783703804016
0.5670522093772888
0.561981862783432
0.5628477573394776
0.561064612865448
0.5637644290924072
0.5582684218883515
0.5665618479251862
0.56142578125
0.56340451836586
0.5629154562950134
0.5619142651557922
0.5642662882804871
0.560564661026001
0.5619244158267975
0.5629047453403473
0.5640640735626221
0.5607658267021179
0.5618548274040223
0.5629742085933686
0.5621618688106537
0.5626674950122833
0.5652432322502137
0.5595869421958923
0.5646966934204102
0.5601321935653687
0.566578882932663
0.5582526803016663
0.5642840385437011
0.5605446875095368
0.5654252290725708
0.5594045519828796
0.5655588150024414
0.5592711091041564
0.559967702627182
0.5648621737957
0.5624602973461151
0.5623686373233795
0.5670502960681916
0.5577801525592804
0.5639129400253295
0.5609163105487823
0.5649483561515808
0.5598810851573944
0.5627501606941223
